"Payment #","Payment date","Remaining amount","Principal payment","Interest payment","Total payment","Interest rate"
"1","11/15/2015","10000","357.3","58.33","415.63","7"
"2","12/15/2015","9642.7","359.38","56.25","415.63","7"
"3","1/15/2016","9283.32","361.48","54.15","415.63","7"
"4","2/15/2016","8921.84","363.59","52.04","415.63","7"
"5","3/15/2016","8558.25","365.71","49.92","415.63","7"
"6","4/15/2016","8192.54","367.84","47.79","415.63","7"
"7","5/15/2016","7824.7","369.99","45.64","415.63","7"
"8","6/15/2016","7454.71","372.14","43.49","415.63","7"
"9","7/15/2016","7082.57","374.32","41.31","415.63","7"
"10","8/15/2016","6708.25","376.5","39.13","415.63","7"
"11","9/15/2016","6331.75","378.69","36.94","415.63","7"
"12","10/15/2016","5953.06","380.9","34.73","415.63","7"
"13","11/15/2016","5572.16","383.13","32.50","415.63","7"
"14","12/15/2016","5189.03","385.36","30.27","415.63","7"
"15","1/15/2017","4803.67","387.61","28.02","415.63","7"
"16","2/15/2017","4416.06","389.87","25.76","415.63","7"
"17","3/15/2017","4026.19","392.14","23.49","415.63","7"
"18","4/15/2017","3634.05","394.43","21.20","415.63","7"
"19","5/15/2017","3239.62","396.73","18.90","415.63","7"
"20","6/15/2017","2842.89","399.05","16.58","415.63","7"
"21","7/15/2017","2443.84","401.37","14.26","415.63","7"
"22","8/15/2017","2042.47","403.72","11.91","415.63","7"
"23","9/15/2017","1638.75","406.07","9.56","415.63","7"
"24","10/15/2017","1232.68","408.44","7.19","415.63","7"
"25","11/15/2017","824.24","410.82","4.81","415.63","7"
"26","12/15/2017","413.42","413.42","2.41","415.83","7"